0
0
0
0
0
0
0
0
0.0007963601016245045
0
0.002954130692393678
0
0.004872279236072536
0
0.006548529403722743
0
0.007377531645620819
0
0.007812993271918554
0
0.008194309884582121
0
0.008623267140226593
0
0.009120098705754564
0
0.009661674381131328
0
0.01020039189001976
0
0.01067428583826506
0
0.01106937428421697
0
0.01140021334712641
0
0.01160270544053004
0
0.01162797462304303
0
0.01137577137703358
0
0.01338652698476432
0
0.01587055227676207
0
0.01875816801782446
0
0.02177803645362389
0
0.02479868827718749
0
0.02783011543357139
0
0.03087266990114287
0
0.03392691751011575
0
0.0369931075956923
0
0.04007268650090727
0
0.04316744621227184
0
0.04627485533976399
0.002823533846057706
0
0.05020385045429393
0.009489193948809926
0
0.0604469386241904
0.02183700607627913
0
0.06612751839024814
0.02973518591259386
0
0.07548441920336188
0.04227288166424333
0.01094972500666692
0
0.07481411275782587
0.04546199468340038
0.01773993989481362
0.003801786722441549
0
0.07598598524646082
0.05039371044155502
0.0261931357079581
0.0136728493485289
0.001333154062257119
0
0.07594324544530535
0.05492777012175132
0.03505442797650182
0.02431774245062993
0.01570039210951282
0.01113788394568129
0.009723835809036768
0.01076777560779327
0.00863247564288548
0.00845405749851294
0.00473634689982965
0.002661150376452479
0.003195975931972547
4.903337110201108e-05
0
0.07266628849837366
0.05888024810420253
0.04557385463920878
0.03760661017305487
0.03253969085181274
0.03274526772532162
0.03007796482815242
0.0293651601219291
0.02561829339650788
0.02359380633876481
0.02374274050269978
0.01986905235285911
0.01720560551669165
0.01680095059399794
0.01336372558134512
0.01085068548033965
0.01051106018676007
0.007374297795024408
0.004980839725341643
0.004680454027905322
0.001724475163834747
0
0.07023492614396575
0.05864691414426648
0.0473676415934625
0.03981665298028586
0.03627818187681407
0.03707392020489486
0.03458846881649713
0.03358242768198012
0.03402534254475525
0.03035305701317089
0.02794852038832405
0.02721130124371948
0.02778493696907582
0.02417200898577335
0.02137054243812947
0.02022674148978352
0.02038311217902505
0.01735035460163651
0.01490235439789592
0.01395676054536504
0.01419075808349046
0.01149082792183323
0.00924539486385912
0.008382069336175368
0.008605310390488868
0.006134988686426412
0.004032872880394854
0.003210120664906163
0.003393314782069595
0.001100773555834997
0
0.04352605679937964
0.0331918432851525
0.02305003728527785
0.01567432019529288
0.01049161572719744
0.007045189052401628
0.004952355862261532
0.003888012716677798
0.003608474897315518
0.0008064628074576923
0
0.0282499088784375
0.01905854405074602
0.01001050436052251
0.003207638323199255
0
0.01985878147715578
0.0114316379423829
0.00310809868250885
0
0.01049650247362733
0.00266780658436204
0
0
0
0
0
0
0
0
0
0
0
0
0
0
0
0
0
0
0
0
0
0
0
0
0
0
0
0
0
0
0
0
0
0
0
0
0
0
0
0
0
0
0
0
0
0
0
0
0
0
0
0
0
0
0
0
0
0
0
0
0
0
0
0
0
0
0
0
0
0
0
0
0
0
0
0
0
0
0
0
0
0
0
0
0
0
0
0
0
0
0
0
0
0
0
0
0
0
0
0
0
0
0
0
0
0
0
0
0
0
0
0
0
0
0
0
0
0
0
0
0
0
0
0
0
0
0
0
0
0
0
0
0
0
0
0
0
0
0
0
0
0
0
0
0
0
0
0
0
0
0
0
0
0
0
0
0
0
0
0
0
0
0
0
0
0
0
0
0
0
0
0
0
0
0
0
0
0
0
