0.0003043457279999999
0.0006086914559999999
0.0009130371839999998
0.001217382912
0.00152172864
0.001826074367999999
0.002130420095999999
0.002434765823999999
0.002739111551999999
0.003043457279999999
0.003347803007999999
0.003652148735999998
0.003956494463999999
0.004260840191999998
0.004565185919999998
0.004869531647999998
0.005173877375999998
0.005478223103999998
0.005782568831999998
0.006086914559999997
0.006391260287999997
0.006695606015999997
0.006999951743999997
0.007304297471999997
0.007608643199999997
0.007912988927999997
0.008217334655999997
0.008521680383999997
0.008826026111999997
0.009130371839999997
0.009434717567999996
0.009739063295999996
0.010043409024
0.010347754752
0.01065210048
0.010956446208
0.011260791936
0.011565137664
0.011869483392
0.01217382911999999
0.01247817484799999
0.01278252057599999
0.01308686630399999
0.01339121203199999
0.01369555775999999
0.01399990348799999
0.01430424921599999
0.01460859494399999
0.01491294067199999
0.01521728639999999
0.01552163212799999
0.01582597785599999
0.016130323584
0.016434669312
0.01673901504
0.017043360768
0.017347706496
0.017652052224
0.01795639795200001
0.01826074368000001
0.01856508940800001
0.01886943513600001
0.01917378086400001
0.01947812659200001
0.01978247232000001
0.02008681804800002
0.02039116377600002
0.02069550950400002
0.02099985523200002
0.02130420096000002
0.02160854668800002
0.02191289241600003
0.02221723814400003
0.02252158387200003
0.02282592960000003
0.02313027532800003
0.02343462105600003
0.02373896678400004
0.02404331251200004
0.02434765824000004
0.02465200396800004
0.02495634969600004
0.02526069542400004
0.02556504115200004
0.02586938688000005
0.02617373260800005
0.02647807833600005
0.02678242406400005
0.02708676979200005
0.02739111552000005
0.02769546124800006
0.02799980697600006
0.02830415270400006
0.02860849843200006
0.02891284416000006
0.02921718988800006
0.02952153561600006
0.02982588134400007
0.03013022707200007
0.03043457280000007
0.03073891852800007
0.03104326425600007
0.03134760998400007
0.03165195571200007
0.03195630144000007
0.03226064716800007
0.03256499289600007
0.03286933862400006
0.03317368435200006
0.03347803008000006
0.03378237580800006
0.03408672153600006
0.03439106726400006
0.03469541299200005
0.03499975872000005
0.03530410444800005
0.03560845017600005
0.03591279590400005
0.03621714163200004
0.03652148736000004
0.03682583308800004
0.03713017881600004
0.03743452454400004
0.03773887027200003
0.03804321600000003
0.03834756172800003
0.03865190745600003
0.03895625318400003
0.03926059891200002
0.03956494464000002
0.03986929036800002
0.04017363609600002
0.04047798182400002
0.04078232755200002
0.04108667328000001
0.04141650337920001
0.04179730222080001
0.04222906980480001
0.04271180613120001
0.04324551120000002
0.04383018501120001
0.04446582756480001
0.04515243886080001
0.04589001889920001
0.04667856768000001
0.04751808520320001
0.04840857146880002
0.04935002647680001
0.05034245022720001
0.05138584272000001
0.05248020395520001
0.05362553393280001
0.05482183265280002
0.05606910011520001
0.05736733632000001
0.05871654126720001
0.06011671495680001
0.06156785738880001
0.0630699685632
0.06462304848
0.0662270971392
0.0678821145408
0.06958810068479999
0.07134505557119999
0.0731529792
0.07495583039999999
0.07669756799999999
0.078378192
0.0799977024
0.0815560992
0.0830533824
0.084489552
0.085864608
0.0871785504
0.08843137919999999
0.08962309439999999
0.09075369599999999
0.09182318399999999
0.09283155839999999
0.09377881919999999
0.09466496639999999
0.09548999999999999
0.09625391999999999
0.0969567264
0.09759841919999999
0.09817899839999999
0.098698464
0.09915681599999999
0.09955405439999999
0.0998901792
0.1001651904
0.100379088
0
0
0
0
0
0
0
0
0
0
0
0
0
0
0
0
0
0
0
0
0
0
0
0
0
0
0
0
0
0
0
0
0
0
0
0
0
0
0
0
0
0
0
0
0
0
0
0
0
0
0
0
0
0
0
0
0
0
0
0
0
0
0
7.865320319999999e-05
0.0003146128128
0.0007078788287999999
0.0012584512512
0.00196633008
0.0028315153152
0.0038540069568
0.0050338050048
0.006370909459199999
0.007865320319999999
0.009517037587199999
0.0113260612608
0.0132923913408
0.0154160278272
0.01769697072
0.0201352200192
0.0227307757248
0.0254836378368
0.0283938063552
0.03146128128
0.0346860626112
0.0380681503488
0.04160754449280001
0.04530424504320001
0.04915825200000001
0.05316956536320001
0.05733818513280001
0.06166411130880001
0.0661473438912
0.07078788288
0.075507075072
0.08022626726399999
0.08494545945599999
0.08966465164799998
0.09438384383999998
0.09910303603199998
0.103822228224
0.108541420416
0.113260612608
0.1179798048
0.122698996992
0.127418189184
0.132137381376
0.136856573568
0.14157576576
0.146294957952
0.151014150144
0.155733342336
0.160452534528
0.1651717267200001
0.1698909189120001
0.1746101111040001
0.1793293032960001
0.1840484954880001
0.1887676876800001
0.1934868798720001
0.1982060720640001
0.2029252642560001
0.2076444564480001
0.2123636486400002
0.2170092600576002
0.2215077099264001
0.2258589982464002
0.2300631250176002
0.2341200902400002
0.2380298939136002
0.2417925360384001
0.2454080166144001
0.2488763356416001
0.2521974931200001
0.2553714890496001
0.2583983234304001
0.2612779962624001
0.2640105075456001
0.2665958572800001
0.2690340454656001
0.2713250721024001
0.2734689371904001
0.2754656407296001
0.2773151827200001
0.2790175631616001
0.2805727820544001
0.2819808393984001
0.2832417351936001
0.2843554694400001
0.2853220421376001
0.2861414532864001
0.2868137028864001
0.2873387909376001
0.2877167174400001
0.2880210631680001
0.2883254088960001
0.288629754624
0.288934100352
0.28923844608
0.289542791808
0.2898471375359999
0.2901514832639999
0.2904558289919999
0.2907601747199999
0.2910645204479999
0.2913688661759998
0.2916732119039998
0.2919775576319998
0.2922819033599998
